[-2.50611135e-11  0.00000000e+00 -6.48903453e-10 -7.34241727e-10
  1.23834518e-10 -8.66040675e-11 -1.21328149e-16  4.71818848e-17
 -1.85006982e-16  3.14331574e-17 -1.23587091e-16 -2.30654342e-16]
[ 1.09491953e-04  0.00000000e+00 -3.59465416e-04  9.31943320e-04
  8.68581842e-01 -1.55228818e-03 -2.23715041e-17 -1.38223976e-17
  2.30189441e-16 -3.77961397e-17  9.07898131e-17 -2.77877671e-16]
[ 1.77369334e-04  0.00000000e+00 -5.77352419e-03  1.17825021e-02
  1.67511552e+00 -3.91871457e-03  8.74967223e-18 -1.27946730e-17
  7.94087213e-18  1.30992211e-16  1.76760962e-17 -2.29917641e-17]
[ 4.27623814e-03  0.00000000e+00 -5.50419805e-03  5.25561205e-03
  9.81166391e-01  2.35140085e-03  2.00938267e-16  6.98717673e-17
  2.63707275e-17  1.30982541e-16 -3.43186092e-17  6.04139752e-16]
[ 0.00763519  0.         -0.01448024  0.00207245  0.53348989 -0.00110241
  0.          0.          0.          0.          0.          0.        ]
[-0.00037414  0.         -0.00064976 -0.0725429   0.06835754 -0.04237526
  0.          0.          0.          0.          0.          0.        ]
[-0.00038821  0.         -0.0022542   0.01945337  0.21168342  0.02235712
  0.          0.          0.          0.          0.          0.        ]
[-1.11117486e-04  0.00000000e+00 -1.42464013e-03 -1.34748935e-02
  5.60172826e-01 -1.26531432e-02  0.00000000e+00  0.00000000e+00
  0.00000000e+00  0.00000000e+00  0.00000000e+00  0.00000000e+00]
[-0.00044456  0.         -0.00090506 -0.00433774  0.07370109 -0.03529442
  0.          0.          0.          0.          0.          0.        ]
[0. 0. 0. 0. 0. 0. 0. 0. 0. 0. 0. 0.]
