[-0.40776445 -0.09328806 -0.5296205   0.01280784 -0.01988707  0.02814122
  0.25651133 -0.02345711  0.51959935 -0.04080193 -0.43338508  0.01126281
  0.04000884  0.02911366  0.01952392 -0.14333522  0.1461432   1.13387542
 -0.29439536 -0.17517258 -1.73520707 -0.0948329  -0.35372081 -0.08792021
  0.55769957 -0.13094268 -0.17080514  0.25195981  0.1453895   0.3199832
 -0.12432196  0.00769447 -0.04552008  0.01412377 -0.03647126  0.20284234
 -0.32361012  0.11873339 -0.19312459 -0.31982573 -0.18303104 -0.12424138
 -0.0606753   0.02581975  0.09134941  0.47799971  0.33196266  0.23466106
 -0.04780991  0.18701028 -0.08601638 -0.65019803  0.03977138  0.1402881
 -0.07054106 -0.01551632 -0.13502166]
[-0.37219411 -0.06504113 -0.5232807   0.01979427 -0.02212128  0.02167941
  0.23619375 -0.04060777  0.50845661 -0.02992171 -0.38967706  0.00891366
  0.0527544   0.08703652  0.01356793 -0.14799338  0.15043233  1.08893561
 -0.22820246 -0.21938642 -1.72760294 -0.05727152 -0.28193818 -0.09514577
  0.48484555 -0.11389144 -0.1172369   0.19320068  0.10908382  0.29182902
 -0.11471711 -0.00224205 -0.03616434  0.03083766 -0.04683067  0.18692302
 -0.27779136  0.11797562 -0.15936325 -0.22034998 -0.15510549 -0.1150426
 -0.05386618  0.01732659  0.07708599  0.37678117  0.28307932  0.15328881
 -0.04010597  0.15970292 -0.05302273 -0.57992066  0.02960451  0.10154579
 -0.039142   -0.00714325 -0.12577433]
[-0.33757767 -0.038206   -0.51633585  0.02681389 -0.02433895  0.01528977
  0.21677869 -0.05528721  0.49727826 -0.02062184 -0.34586085  0.00727611
  0.0655784   0.14427296  0.00950833 -0.14956483  0.15686307  1.04485953
 -0.16266581 -0.26133011 -1.72488768 -0.02005956 -0.21150905 -0.09556337
  0.4126437  -0.09582003 -0.06505665  0.13415255  0.07393308  0.26717501
 -0.10499438 -0.01183599 -0.02658187  0.04686336 -0.05366634  0.17054017
 -0.23104321  0.11892013 -0.12307104 -0.12971844 -0.11377798 -0.09518932
 -0.04814214  0.00921722  0.06070657  0.27930115  0.22790778  0.0722957
 -0.03276515  0.13333682 -0.01935885 -0.51395092  0.01981095  0.0532959
 -0.00778504 -0.00365107 -0.11217365]
[-0.30345808 -0.01202489 -0.50872341  0.03383605 -0.02654799  0.00898073
  0.1975481  -0.06848489  0.48593329 -0.01209105 -0.3019052   0.00615496
  0.07861041  0.20119385  0.00651341 -0.14984232  0.16442829  1.00113439
 -0.09769336 -0.30173199 -1.72481244  0.01638554 -0.14244826 -0.09310777
  0.3408608  -0.07629324 -0.01380459  0.07472512  0.03960124  0.244669
 -0.09503415 -0.0211202  -0.01688657  0.06240164 -0.05833979  0.15376556
 -0.18417813  0.12011812 -0.08471223 -0.04528433 -0.06432833 -0.07254012
 -0.04265976  0.00358452  0.04310306  0.18399724  0.17292304 -0.01098403
 -0.02481423  0.10703759  0.01722558 -0.45320837  0.01275796 -0.00424777
  0.02300302 -0.00280474 -0.09642217]
[-2.69630810e-01  1.36556454e-02 -5.00445573e-01  4.08547946e-02
 -2.87477693e-02  2.75129343e-03  1.78295502e-01 -8.06066901e-02
  4.74418700e-01 -3.97410611e-03 -2.57662697e-01  5.37764951e-03
  9.17808568e-02  2.57653675e-01  3.82710671e-03 -1.49670630e-01
  1.72721082e-01  9.57641137e-01 -3.32205978e-02 -3.41139007e-01
 -1.72649666e+00  5.23609981e-02 -7.48525477e-02 -8.88784251e-02
  2.69570416e-01 -5.50386529e-02  3.67786887e-02  1.53904428e-02
  5.76938462e-03  2.23995335e-01 -8.49533487e-02 -3.02987179e-02
 -7.40044847e-03  7.74884188e-02 -6.15384827e-02  1.36858832e-01
 -1.38072165e-01  1.20681270e-01 -4.53835910e-02  3.88495409e-02
 -1.57097746e-02 -4.88489653e-02 -3.75449012e-02 -1.08464865e-03
  2.57070871e-02  8.99897239e-02  1.19570338e-01 -9.65751571e-02
 -1.68315168e-02  8.10173162e-02  5.57285606e-02 -3.96755228e-01
  7.40978394e-03 -6.86528496e-02  5.26383408e-02 -1.88428813e-03
 -7.97169345e-02]
[-2.35921225e-01  3.89213027e-02 -4.91745683e-01  4.78648951e-02
 -3.09336324e-02 -3.39474281e-03  1.58983031e-01 -9.19647461e-02
  4.62920988e-01  3.95291005e-03 -2.13285350e-01  4.94799690e-03
  1.05041150e-01  3.13740669e-01  9.48323083e-04 -1.49290300e-01
  1.81314021e-01  9.14395878e-01  3.10461241e-02 -3.79866341e-01
 -1.72884218e+00  8.82974914e-02 -8.43691362e-03 -8.36073593e-02
  1.98410648e-01 -3.32810121e-02  8.72131483e-02 -4.43902115e-02
 -2.74401791e-02  2.04419609e-01 -7.45892336e-02 -3.94169368e-02
  2.30814196e-03  9.24427672e-02 -6.44392512e-02  1.20029615e-01
 -9.24511259e-02  1.20493135e-01 -5.63707863e-03  1.23196658e-01
  3.24480606e-02 -2.57624138e-02 -3.27946946e-02 -4.43210689e-03
  8.05740689e-03 -2.46707239e-03  7.16952858e-02 -1.87449032e-01
 -8.88456028e-03  5.55493652e-02  9.53616708e-02 -3.42318242e-01
  3.26055479e-03 -1.35083119e-01  7.91524649e-02  2.80483628e-04
 -6.27365856e-02]
[-2.02257029e-01  6.38770074e-02 -4.82771010e-01  5.48607911e-02
 -3.31034440e-02 -9.45925122e-03  1.39557139e-01 -1.02711842e-01
  4.51538628e-01  1.17504093e-02 -1.68923271e-01  4.85099058e-03
  1.18479991e-01  3.69404198e-01 -2.40615393e-03 -1.48600685e-01
  1.89834668e-01  8.71393547e-01  9.51150905e-02 -4.17787582e-01
 -1.73103200e+00  1.24542562e-01  5.67951028e-02 -7.78942118e-02
  1.27511670e-01 -1.14120154e-02  1.37973456e-01 -1.04521833e-01
 -6.02644562e-02  1.85570510e-01 -6.39371694e-02 -4.86059772e-02
  1.20947287e-02  1.07436242e-01 -6.71618486e-02  1.03284777e-01
 -4.68862817e-02  1.20101945e-01  3.44353691e-02  2.02472283e-01
  8.55941731e-02 -3.38950633e-04 -3.02586597e-02 -1.07680363e-03
 -9.33241567e-03 -9.35911386e-02  2.57954812e-02 -2.80871482e-01
 -1.01891430e-03  3.05849668e-02  1.36425788e-01 -2.91838866e-01
  7.47228221e-04 -2.04945679e-01  1.03823055e-01  1.79833785e-03
 -4.49660708e-02]
[-1.68555261e-01  8.85530904e-02 -4.73640314e-01  6.18381550e-02
 -3.52523242e-02 -1.54438937e-02  1.20057539e-01 -1.12979872e-01
  4.40359849e-01  1.94235418e-02 -1.24608235e-01  5.01758305e-03
  1.32109929e-01  4.24625640e-01 -6.31623664e-03 -1.47693616e-01
  1.98175496e-01  8.28641470e-01  1.59187702e-01 -4.55061779e-01
 -1.73257123e+00  1.61324192e-01  1.21131254e-01 -7.20670266e-02
  5.68820723e-02  9.84176606e-03  1.89768583e-01 -1.65088674e-01
 -9.29098700e-02  1.66535240e-01 -5.29448271e-02 -5.76612054e-02
  2.19167748e-02  1.22648631e-01 -7.00012026e-02  8.67587688e-02
 -1.00723287e-03  1.19562605e-01  7.40722559e-02  2.79302120e-01
  1.41817411e-01  2.40418744e-02 -2.88051357e-02  6.68315156e-03
 -2.60990334e-02 -1.85691773e-01 -1.29556100e-02 -3.76919947e-01
  6.67495475e-03  5.90000147e-03  1.80189618e-01 -2.48174735e-01
 -7.68905130e-04 -2.79447220e-01  1.27890681e-01  3.43365336e-03
 -2.76751390e-02]
[-0.13470299  0.11286282 -0.46444122  0.06879315 -0.03737738 -0.02134835
  0.10061019 -0.1229866   0.42946833  0.02699162 -0.08024015  0.00530868
  0.14602094  0.47944959 -0.01075703 -0.14670246  0.20620883  0.78617411
  0.22338421 -0.49181228 -1.7333658   0.19881311  0.18480019 -0.06611684
 -0.01376054  0.03047936  0.24257249 -0.22585643 -0.12548151  0.14643246
 -0.04160229 -0.0662598   0.031602    0.13792045 -0.07240555  0.07064746
  0.04502419  0.11918663  0.1135033   0.35443969  0.20205434  0.04922786
 -0.02677022  0.01793857 -0.04187974 -0.27776212 -0.0471327  -0.47492465
  0.01444704 -0.01806532  0.22580317 -0.21203634 -0.00234101 -0.3577815
  0.15226393  0.00442034 -0.01034121]
[-1.00609691e-01  1.36666004e-01 -4.55120935e-01  7.57213405e-02
 -3.94758039e-02 -2.71696103e-02  8.13453181e-02 -1.33133970e-01
  4.18723881e-01  3.43979389e-02 -3.57924440e-02  5.65161895e-03
  1.60561719e-01  5.34427532e-01 -1.55798426e-02 -1.46234537e-01
  2.14274931e-01  7.43963460e-01  2.87658362e-01 -5.28481307e-01
 -1.73483366e+00  2.36418453e-01  2.47800493e-01 -5.97391997e-02
 -8.44476370e-02  5.05969582e-02  2.96583030e-01 -2.86492245e-01
 -1.57724067e-01  1.24957479e-01 -3.02084049e-02 -7.43539091e-02
  4.12735504e-02  1.53499570e-01 -7.49517549e-02  5.52008769e-02
  9.22767038e-02  1.19703717e-01  1.51457238e-01  4.29114556e-01
  2.63520841e-01  7.37559217e-02 -2.45299172e-02  3.01940792e-02
 -5.75017085e-02 -3.70852186e-01 -7.85221995e-02 -5.72793338e-01
  2.08535574e-02 -4.05075880e-02  2.69195322e-01 -1.74715116e-01
 -2.43748677e-04 -4.37446861e-01  1.75114612e-01  2.18040192e-03
  9.53792388e-03]
