[ 9.21712305e-17  4.49599698e-18  1.79068890e-16  3.53860732e-17
  4.00629663e-17  1.36957861e-16 -1.22710433e-08 -5.52629018e-09
 -3.96782870e-08 -1.22230526e-08  3.76000464e-09 -1.22897866e-08
 -3.82601614e-08 -2.47314887e-08 -1.68939259e-08 -2.93683910e-08
 -2.27304446e-08 -3.07352349e-08 -3.80256024e-08 -1.68938863e-08
 -1.68687739e-08 -3.91837253e-08 -1.39261853e-08 -1.97109095e-08
 -3.77599124e-08 -1.52720960e-08 -1.69003882e-08 -1.48594687e-08
 -4.18294210e-08 -4.75466171e-08 -2.35443572e-08 -2.82040813e-08
 -2.85755155e-08 -2.90774517e-08 -3.74197178e-08 -3.24238190e-08
 -2.48330626e-08 -1.52932344e-08 -1.80402508e-08 -8.29597185e-09
 -1.23579294e-08 -4.04544064e-08 -1.58776866e-08 -1.22668465e-08
 -4.09341071e-08 -4.17441716e-08 -1.23703889e-08  7.36724573e-09
 -4.15569157e-08 -2.48842345e-08 -1.76269571e-08 -1.68583477e-08
 -1.58694802e-08 -1.44601394e-08 -1.22573371e-08 -6.93560876e-10
  6.24850536e-09]
[-6.66917024e-17  9.98097614e-17 -1.28671102e-16 -6.97314104e-17
  1.40187487e-16  9.47249810e-17 -1.02213758e-03 -6.51477779e-03
 -5.93973301e-03 -1.24202321e-03  1.64380157e-02  3.77523343e-03
  2.94224495e-03 -2.80787874e-03  9.34312422e-03  1.71466928e-03
  3.93983459e-04 -5.52512941e-03 -3.79440809e-03 -1.16778149e-03
 -1.81707092e-03  7.30907591e-03  3.47107990e-03  2.70548918e-03
  8.48910345e-05 -2.89024614e-02 -3.16152935e-03  1.03339398e-02
  2.32496299e-02 -1.73724004e-03 -3.55946934e-03  4.13122493e-03
 -8.79821498e-05 -1.41745807e-03 -2.28133052e-03  2.84364746e-03
 -1.38564498e-03  1.00728532e-02  8.33719256e-03  2.61462755e-03
 -2.97311465e-03  5.56617014e-03 -1.07076768e-03 -2.82069722e-03
 -1.20470917e-02 -6.42248276e-04  1.08187131e-03 -7.42543688e-03
 -5.29035260e-05 -3.01700850e-03  6.66551385e-03 -2.09710665e-03
  1.81244838e-02  4.39908242e-03  3.91043751e-03 -6.25158063e-03
 -6.02421813e-03]
[ 2.78957242e-17 -8.84554572e-17 -4.83901137e-17 -6.41390277e-17
 -7.16421567e-17  1.16406671e-16  3.97343924e-03 -1.23623243e-02
 -1.13079741e-02  4.99633721e-05  1.93270893e-02  9.28463299e-03
 -4.13960841e-02  1.02769551e-02 -1.43406968e-02  4.09014127e-03
 -9.89031127e-03 -5.60550537e-03 -1.23666630e-02  1.99753867e-02
  2.42006324e-03 -9.14311025e-03 -2.01419044e-02 -4.04669968e-04
 -1.29521954e-03  4.21084583e-02 -1.06008981e-02 -1.58431253e-02
 -2.32760666e-02  3.70177134e-03  1.23917520e-02 -9.07090682e-03
  2.51985884e-03  7.06771031e-03 -4.21335083e-04 -7.99613034e-03
  2.08312191e-03 -1.13444574e-02 -9.12876101e-03 -3.88299298e-03
  1.04321278e-02 -5.32145001e-03  6.22266129e-05  7.76932179e-03
  1.29397146e-02  7.23140903e-03 -1.79270754e-02  1.35432195e-02
  1.61152894e-03  1.81933111e-02 -1.15966393e-02  1.55954077e-03
 -3.77991750e-03 -6.85781397e-03 -4.83281674e-03 -1.10808866e-02
  6.46246868e-03]
[-3.13130970e-17  3.78904258e-17 -1.36653818e-16  4.56914579e-17
  8.09040092e-18 -4.01371642e-17  2.13365165e-03  2.36922689e-02
 -9.37507181e-03 -1.61896061e-03  8.03353073e-03  2.35796845e-03
  4.46765126e-02 -3.29173406e-02  1.86448498e-02  3.85528380e-03
  1.20401318e-02 -7.47006720e-03  1.51160565e-02  2.75759221e-02
  2.77530099e-03 -7.86650427e-04 -2.46329489e-02 -1.52070408e-03
  3.55755370e-03  1.23998710e-04 -9.26653685e-03  2.14611628e-03
  1.11268086e-03  4.47895685e-03 -6.77617030e-03  2.31963925e-04
 -2.71448904e-03 -3.35217406e-03 -4.80665420e-04  2.05023791e-03
 -1.46115322e-03 -8.55528466e-05 -3.81666400e-03  2.22967548e-03
  8.38031773e-03 -5.03105865e-03 -3.38811823e-03  8.50741907e-03
  8.44997980e-03 -3.24719985e-03  3.98217916e-04 -2.24491252e-03
 -1.20421245e-03 -4.07603705e-03  5.04736294e-03  1.71690443e-03
 -1.96498395e-03 -3.55246049e-04 -1.29244356e-03  1.04258239e-03
  1.20649541e-03]
[-1.76004574e-18 -3.07003848e-18  2.18825814e-18 -2.26019248e-19
 -6.29014473e-20  3.37698768e-20  7.13104924e-03 -1.64102950e-02
  6.12698567e-04 -7.27484629e-03  9.38627407e-03  9.12771476e-04
  2.89414571e-02 -1.15815286e-03 -1.02961946e-03  4.43356754e-03
 -1.71033922e-03 -3.23721442e-03  5.88376712e-03 -5.24574808e-04
  1.00909339e-03  5.67694656e-03 -3.57192787e-03 -4.24470523e-03
  9.30881959e-03 -2.38341157e-02  1.59003333e-03  2.23267260e-03
  3.47436705e-02 -3.71624281e-03 -2.35793629e-03 -1.56394563e-02
  2.31432179e-03 -3.07175557e-03 -9.27553733e-03 -1.22757958e-02
  5.80640246e-04 -3.32874324e-03 -2.98479774e-03 -5.12113675e-05
  1.58308038e-03  3.10561786e-04 -7.11977482e-04  8.10832051e-03
 -6.64450489e-04 -4.64302104e-04 -1.14173114e-02  1.09895097e-02
 -6.53360996e-06  4.17951865e-03  4.81256225e-03 -5.35711453e-04
  1.62443030e-02  9.46031613e-05  6.83655499e-04 -2.19293245e-03
  2.04808814e-03]
[ 1.01228077e-16  3.84945539e-17  9.51619890e-17 -9.13994443e-17
  6.90572735e-18  1.01122025e-16 -2.03002042e-03 -3.68401932e-03
 -1.74817667e-02 -3.38333774e-04 -5.44155499e-03  3.75375716e-03
  7.69190269e-03 -6.29241325e-03 -1.34578326e-03  2.27891974e-03
 -1.50005771e-02 -1.88913720e-02 -1.26824001e-02 -2.52497330e-03
  3.04121834e-03  2.11447386e-03  2.91076455e-03  2.53010603e-03
  3.58903798e-04 -1.86593536e-02 -2.15856869e-02  1.47143691e-03
  2.57838206e-02  6.82038358e-03 -6.08577013e-05 -1.22157340e-02
 -2.43705856e-03 -9.48820460e-04 -8.80997239e-03 -9.63658282e-03
  8.37628908e-05  4.04617540e-03  4.56103758e-03  9.90053408e-04
 -2.72129717e-02  1.07412482e-03 -9.93265386e-04  3.24016608e-02
  2.63702700e-04  1.07350684e-03 -1.07600499e-02  1.13871653e-02
  6.51016598e-04  3.81107960e-03 -8.60735863e-03  1.38556616e-03
 -1.68985818e-02  3.35602563e-04 -5.63338123e-04 -8.39054406e-03
 -7.21357424e-03]
[ 2.46185191e-17 -2.22466341e-17 -3.16030661e-17 -3.31549624e-17
  1.50722985e-16 -2.78295161e-17 -6.02022711e-03  5.86370123e-03
  7.41539314e-04  6.46343480e-04 -2.54626086e-03  2.17747446e-04
 -1.43651317e-02 -3.88193099e-03 -2.54073970e-02 -1.08668474e-02
  1.34452805e-02  1.46367488e-03  1.37735540e-02 -2.57122546e-02
 -6.36330321e-03 -1.97679013e-02  2.59157033e-02  1.66174903e-02
 -8.03171905e-03 -2.27296633e-02  2.28035858e-03  4.60411627e-03
 -1.02504195e-02 -2.47805851e-03  5.10082133e-03  2.88818065e-02
  4.05461381e-03  2.72404195e-03  1.59390091e-02  2.22618357e-02
  1.20621491e-03 -2.08158587e-03 -9.87191878e-04  9.22139099e-04
 -6.47386487e-03  2.47740701e-04 -6.35483066e-04  2.57518121e-02
  2.18829045e-04 -8.73848598e-04  3.22736773e-02 -2.56015697e-02
 -2.15563237e-03 -1.12273900e-02  3.08663281e-04  6.07238723e-04
 -1.43092257e-02  7.02929805e-03 -1.60211843e-03  5.57730841e-03
 -6.40380018e-03]
[ 1.24147011e-16 -4.68378445e-17 -4.18919849e-17 -1.46598855e-16
 -2.50782139e-16 -5.78241239e-17 -1.05124348e-02  1.25756065e-02
 -9.21123060e-03  1.03691042e-02  2.18083882e-03 -7.67629586e-03
 -6.70215340e-03 -1.16451083e-02  9.28847440e-03 -5.56743244e-03
 -1.21288886e-02 -1.33119939e-02 -1.17941993e-02 -1.95996104e-02
  4.68720378e-03  1.59738510e-02  3.09016971e-02 -1.89672574e-03
 -2.21073705e-03 -9.10760990e-03 -1.48379227e-02  7.16644269e-04
 -2.71298341e-02  7.03017602e-03 -3.22078903e-03  2.97557897e-02
 -2.92985378e-03 -1.12989557e-03  1.40051157e-02  2.61096869e-02
 -1.21914460e-04  7.25118404e-03  1.10058349e-02  1.84322299e-03
 -2.10488279e-02  2.31599334e-04 -2.37868073e-03  2.03505339e-02
  6.23195610e-03 -6.31491211e-03  3.54011484e-03 -2.37103513e-02
  6.78227070e-04  1.88454647e-02 -1.84391008e-02  2.61238919e-03
 -1.38895502e-02  1.94177666e-04 -2.08951115e-03  4.35639134e-03
 -6.42097187e-03]
[ 8.65046822e-17 -1.93816384e-18 -1.00322826e-16 -2.28318634e-17
  1.45294167e-16 -1.03952876e-16  2.53955726e-03 -1.14427506e-02
  3.59252453e-03  5.75914059e-03  5.74451401e-03  1.04175047e-03
 -3.30701733e-02 -1.47595841e-03  2.77373314e-03  5.23006926e-03
 -2.29682951e-02  9.26793564e-03 -3.24452496e-02 -2.77269403e-02
  4.00930908e-03  8.64577017e-03  1.57259269e-02 -1.92582208e-02
 -4.50343778e-04  4.58084436e-02  5.45091317e-03 -8.25498375e-03
 -2.13703091e-02  3.57755231e-03  7.12538667e-03 -1.33045121e-02
 -1.55939609e-02  3.60153346e-03  3.02820063e-03 -1.09983333e-02
 -1.01089582e-03 -9.04006303e-03 -1.86232092e-02 -2.27033100e-04
  1.71600326e-02 -9.80760993e-03  7.02538663e-04  8.40484564e-03
  4.92616668e-03  9.01020343e-03 -2.39476107e-02  2.81546270e-03
  2.12675056e-03  4.54551292e-03  7.18771204e-03 -2.07978428e-03
  3.72430941e-02  1.47890501e-03  2.01160053e-05 -2.19631507e-02
  7.85334439e-03]
[ 0.00000000e+00  0.00000000e+00  0.00000000e+00  0.00000000e+00
  0.00000000e+00  0.00000000e+00 -1.22492994e-08 -1.22439790e-08
 -1.22496252e-08 -1.22448000e-08 -1.22437193e-08 -1.22472691e-08
 -1.22501864e-08 -1.22443000e-08 -1.22484560e-08 -1.22486888e-08
 -1.22476246e-08 -1.22401463e-08 -1.22482104e-08 -1.22439419e-08
 -1.22439223e-08 -1.22545928e-08 -1.22542204e-08 -1.22485822e-08
 -1.22439962e-08 -1.22476185e-08 -1.22483812e-08 -1.44566555e-08
 -1.22446237e-08 -1.22386121e-08 -1.22537092e-08 -1.22436752e-08
 -1.22509712e-08 -1.22524205e-08 -1.22443793e-08 -1.22470688e-08
 -1.22453291e-08 -1.22437345e-08 -1.22475538e-08 -1.22371263e-08
 -1.22486412e-08 -1.44537183e-08 -1.22496514e-08 -1.22469953e-08
 -1.22535089e-08 -1.44567166e-08 -1.22499544e-08 -1.22427114e-08
 -1.22530866e-08 -1.22404750e-08 -1.22444129e-08 -1.22547183e-08
 -1.22560201e-08 -1.22449479e-08 -1.22497204e-08 -1.22461910e-08
 -1.22471316e-08]
