0.24905118 0.50883394 -0.13674736
0.12860106 0.08937677 -0.13856849
-0.09204955 -0.26754746 -0.06977542
0.07283709 -0.29931784 0.10936847
0.09651262 0.13174918 0.11781619
-0.04276785 0.4907254 0.34095544
-0.6111783 -0.7140217 -0.3513052
-0.37194985 -0.741126 -0.2466089
-0.12226054 -0.7659804 -0.12546906
0.10743397 -0.78499556 0.04774412
0.34832892 -0.8067285 0.17850137
0.6094939 -0.84873456 0.20056716
0.01169826 -0.81329346 -0.05657444
0.05381094 -1.0185091 -0.08897825
0.17611444 -0.9197796 -0.07773165
0.13778237 -0.9613842 -0.04860238
0.14208186 -0.95856816 -0.11548112
0.04208911 -0.94879293 -0.01259035
0.04536285 -0.94024926 -0.16665876
-0.10518238 0.4431402 -0.09688506
0.08762547 0.06793866 -0.19944839
-0.08745173 -0.28804508 -0.07761675
0.05960703 -0.28996795 0.12734526
0.22543907 0.08523333 0.11541262
-0.0808019 0.37292022 0.23831822
-0.3010415 -0.7881857 -0.5216472
-0.09714472 -0.76157075 -0.35473603
0.12791805 -0.71506774 -0.2000743
0.34199426 -0.64367163 -0.02770232
0.6000764 -0.56741333 0.01807159
0.8564368 -0.500937 -0.02987162
0.26292202 -0.70228416 -0.12602986
0.36096427 -0.8733812 -0.1431734
0.45089352 -0.7473336 -0.17502946
0.43442392 -0.79107636 -0.13267563
0.42090607 -0.79844755 -0.19855954
0.34988692 -0.79703695 -0.07237655
0.3142521 -0.81248444 -0.22316363
0.11684191 0.49053347 -0.26958096
0.1897062 0.09347671 -0.10281295
0.0453661 -0.2604702 -0.09877834
-0.04140832 -0.31563973 0.12553568
-0.29635137 -0.10155133 0.30138978
-0.7322913 0.01530781 0.33657268
0.4169681 -0.77697337 -0.4848599
0.200775 -0.7643986 -0.33969015
0.24728963 -0.7298273 -0.06608476
0.24636376 -0.68284065 0.20546213
0.38622224 -0.59297115 0.4251101
0.616897 -0.55698216 0.3051037
0.27588052 -0.7295279 0.07705261
0.3556411 -0.9043088 0.11421668
0.46178645 -0.785725 0.128274
0.42664915 -0.8276174 0.15808061
0.44051868 -0.83428675 0.09229648
0.32239896 -0.82577735 0.17784981
0.3537749 -0.83862966 0.02662804
0.04405054 0.5491688 0.1772565
-0.04499312 0.17260991 -0.00245003
-0.12933841 -0.22618815 0.01604094
0.09214972 -0.31122026 0.01834789
0.36563972 -0.0583268 -0.06335718
0.6962751 -0.00281693 0.20229271
-0.7142477 -0.7310235 -0.15233317
-0.47171074 -0.74411273 -0.06589359
-0.2007334 -0.7261051 -0.05306249
0.06212091 -0.722865 -0.02267905
0.3180757 -0.75309676 0.04451875
0.57388115 -0.7857513 0.0367478
-0.05881104 -0.7585704 -0.06145117
-0.01262027 -0.9567231 -0.08864132
0.05138359 -0.85400057 -0.18657997
0.05928402 -0.89004225 -0.13704062
0.01028956 -0.9011729 -0.17996599
0.02525911 -0.87526166 -0.043897
-0.08816153 -0.8986122 -0.13548964
