0.24905118 0.50883394 -0.13674736
0.12860106 0.08937677 -0.13856849
-0.09204955 -0.26754746 -0.06977542
0.07283709 -0.29931784 0.10936847
0.09651262 0.13174918 0.11781619
-0.04276785 0.4907254 0.34095544
-0.6111783 -0.7140217 -0.3513052
-0.37194985 -0.741126 -0.2466089
-0.12226054 -0.7659804 -0.12546906
0.10743397 -0.78499556 0.04774412
0.34832892 -0.8067285 0.17850137
0.6094939 -0.84873456 0.20056716
0.01169826 -0.81329346 -0.05657444
0.05381094 -1.0185091 -0.08897825
0.17611444 -0.9197796 -0.07773165
0.13778237 -0.9613842 -0.04860238
0.14208186 -0.95856816 -0.11548112
0.04208911 -0.94879293 -0.01259035
0.04536285 -0.94024926 -0.16665876
-0.10518238 0.4431402 -0.09688506
0.08762547 0.06793866 -0.19944839
-0.08745173 -0.28804508 -0.07761675
0.05960703 -0.28996795 0.12734526
0.22543907 0.08523333 0.11541262
-0.0808019 0.37292022 0.23831822
-0.3010415 -0.7881857 -0.5216472
-0.09714472 -0.76157075 -0.35473603
0.12791805 -0.71506774 -0.2000743
0.34199426 -0.64367163 -0.02770232
0.6000764 -0.56741333 0.01807159
0.8564368 -0.500937 -0.02987162
0.26292202 -0.70228416 -0.12602986
0.36096427 -0.8733812 -0.1431734
0.45089352 -0.7473336 -0.17502946
0.43442392 -0.79107636 -0.13267563
0.42090607 -0.79844755 -0.19855954
0.34988692 -0.79703695 -0.07237655
0.3142521 -0.81248444 -0.22316363
0.11684191 0.49053347 -0.26958096
0.1897062 0.09347671 -0.10281295
0.0453661 -0.2604702 -0.09877834
-0.04140832 -0.31563973 0.12553568
-0.29635137 -0.10155133 0.30138978
-0.7322913 0.01530781 0.33657268
0.4169681 -0.77697337 -0.4848599
0.200775 -0.7643986 -0.33969015
0.24728963 -0.7298273 -0.06608476
0.24636376 -0.68284065 0.20546213
0.38622224 -0.59297115 0.4251101
0.616897 -0.55698216 0.3051037
0.27588052 -0.7295279 0.07705261
0.3556411 -0.9043088 0.11421668
0.46178645 -0.785725 0.128274
0.42664915 -0.8276174 0.15808061
0.44051868 -0.83428675 0.09229648
0.32239896 -0.82577735 0.17784981
0.3537749 -0.83862966 0.02662804
6.3450582e-02 5.4672199e-01 1.1925470e-01
-5.8212515e-02 1.6437052e-01 -2.5935754e-02
-1.2870485e-01 -2.3810118e-01 3.4661751e-02
9.5093995e-02 -3.0693328e-01 3.9170445e-03
3.3771673e-01 -4.0955178e-04 -3.0327985e-02
6.8762821e-01 1.4539903e-01 1.6725533e-01
-6.9919837e-01 -7.0909876e-01 -1.7701851e-01
-4.7910354e-01 -7.2413874e-01 -4.0359341e-02
-2.0853797e-01 -7.3612922e-01 -1.4740852e-02
6.1477236e-02 -7.4044991e-01 -2.4696436e-02
3.2967365e-01 -7.5144529e-01 -2.0437606e-02
5.8887571e-01 -7.5396138e-01 -3.7948482e-02
-6.8283230e-02 -7.7367091e-01 -4.1242614e-02
-3.9617825e-02 -9.7363734e-01 -8.0134042e-02
1.7203502e-02 -8.7190104e-01 -1.8339843e-01
2.9097542e-02 -9.0984446e-01 -1.3573560e-01
-2.6076464e-02 -9.1630483e-01 -1.7170534e-01
9.7736120e-03 -8.9608634e-01 -3.7523702e-02
-1.1757424e-01 -9.0845484e-01 -1.1406194e-01
