0.19593503 0.5669731 0.09463696
0.02589017 0.15650317 0.01946485
-0.11540438 -0.25986934 0.07892165
0.08891195 -0.32912895 -0.0415219
0.19176322 0.0938095 -0.08849467
0.37500548 0.5043092 -0.03220485
-0.63813627 -0.9586606 0.10738672
-0.47423917 -0.84969884 0.28674912
-0.23433264 -0.7983967 0.1467325
-0.02531928 -0.77782416 -0.0569112
0.03112574 -0.514436 -0.15051982
-0.15742283 -0.3390749 -0.21022902
-0.15111192 -0.8378354 0.03334596
-0.21532427 -1.0534683 0.00413574
-0.22507377 -0.95115936 -0.11969599
-0.19206138 -0.9979247 -0.08993839
-0.2574428 -0.98622334 -0.07546646
-0.12764981 -0.9910008 -0.00506094
-0.27624056 -0.96478736 0.03327911
-0.1622935 0.5470517 -0.01894213
-0.01936932 0.14217766 0.09453253
0.1209042 -0.27846086 0.02112661
-0.12016837 -0.30464527 0.01477726
-0.16143233 0.12311582 0.08200696
-0.17612514 0.5554224 -0.03963462
0.6614698 -0.83461106 0.27536735
0.42410326 -0.7988559 0.1581383
0.14988166 -0.7995218 0.08512781
-0.14284523 -0.7405979 0.07946768
-0.28607598 -0.4953929 0.05495398
-0.29980913 -0.26363662 0.18177962
0.00414663 -0.8189522 0.1069214
-0.01122424 -1.0237758 0.16640513
0.06999385 -0.92756355 0.2652538
0.016459 -0.96238935 0.25590995
0.07135857 -0.97070014 0.21683195
-0.07280961 -0.93969226 0.19792166
0.05293752 -0.95783746 0.11070688
0.28859308 0.44981343 -0.05434137
0.2256187 0.08460186 0.16261701
0.10281267 -0.30959755 0.03273065
-0.11825377 -0.22933233 -0.00353867
-0.11937075 0.16952431 0.07080343
-0.04392267 0.5598063 -0.12100159
0.3567085 -0.7688708 0.3484708
0.13215694 -0.73946524 0.22272466
-0.13548328 -0.6937417 0.1630287
-0.36245728 -0.5300951 0.10590873
-0.52801406 -0.30993605 0.08031885
-0.62137437 -0.13202654 0.24247749
-0.278589 -0.64477956 0.15758282
-0.39519775 -0.80407435 0.20172976
-0.3479871 -0.7196057 0.32403928
-0.39646628 -0.737183 0.28952354
-0.33919063 -0.7709659 0.2893892
-0.4225633 -0.7050672 0.19419195
-0.29490042 -0.7801242 0.19380409
7.48155788e-02 4.56683397e-01 -1.52407750e-01
-1.53085023e-01 9.70781147e-02 -1.78461894e-01
-1.08222939e-01 -1.84054285e-01 7.33280405e-02
8.05891752e-02 -3.06325138e-01 -2.39208229e-02
3.55036914e-01 4.92740143e-03 -7.42084235e-02
6.95879936e-01 -6.87627634e-03 2.06056863e-01
-7.99292982e-01 -2.68121243e-01 9.60343406e-02
-5.65278828e-01 -3.49658608e-01 1.63756564e-01
-3.69555414e-01 -5.18144906e-01 6.92637786e-02
-1.81279033e-01 -6.76968157e-01 -3.08557395e-02
9.18989908e-03 -8.46664548e-01 -1.13626778e-01
1.02187462e-01 -1.04286885e+00 -2.45328933e-01
-3.06610048e-01 -6.20741963e-01 3.18280421e-04
-4.49283510e-01 -7.63223290e-01 -2.66929958e-02
-4.49379712e-01 -6.40509248e-01 -1.19216770e-01
-4.41689581e-01 -6.99934304e-01 -1.16912335e-01
-4.75740343e-01 -6.67328238e-01 -7.15151131e-02
-3.61700833e-01 -7.47443318e-01 -7.59916902e-02
-4.37580675e-01 -6.78799629e-01 2.34269686e-02
0.43509644 0.4341841 -0.24559982
0.15992159 0.08966639 -0.21414402
-0.1037883 -0.17435974 -0.02952408
0.05204434 -0.32078975 0.07514203
0.4212098 -0.1714263 0.08015037
0.83437026 -0.04751278 0.18473774
-0.8229454 -0.2239857 -0.02226126
-0.6108309 -0.3745501 0.01770908
-0.39164773 -0.5457093 -0.00814685
-0.15520217 -0.6732515 0.04985696
0.09968887 -0.71980786 0.15059651
0.33809543 -0.8228474 0.13695644
-0.2858951 -0.64994013 -0.01066533
-0.34709367 -0.83741844 -0.08490104
-0.28786036 -0.7320731 -0.18051589
-0.27897623 -0.78606784 -0.15199134
-0.33917728 -0.7609213 -0.16031519
-0.25700852 -0.80112684 -0.05460674
-0.3908643 -0.74685866 -0.07087055