6.417392194271087646e-02 5.117224454879760742e-01 2.327045425772666931e-02
1.072089597582817078e-01 1.020467728376388550e-01 -9.796915948390960693e-02
-8.556693047285079956e-02 -2.709463834762573242e-01 -7.821236550807952881e-02
6.105370447039604187e-02 -3.105392158031463623e-01 1.085650026798248291e-01
1.525475978851318359e-01 9.559306502342224121e-02 1.613657921552658081e-01
1.016421709209680557e-02 4.545167088508605957e-01 3.650037348270416260e-01
-5.105000138282775879e-01 -5.968798995018005371e-01 -4.030385315418243408e-01
-2.846833765506744385e-01 -6.754160523414611816e-01 -2.955276072025299072e-01
-2.795891277492046356e-02 -7.396460771560668945e-01 -2.052937746047973633e-01
2.314959764480590820e-01 -7.284762263298034668e-01 -4.346238821744918823e-02
4.940423369407653809e-01 -6.552172899246215820e-01 -1.000972278416156769e-02
7.385720014572143555e-01 -5.928214192390441895e-01 -9.129942953586578369e-02
1.216952353715896606e-01 -7.772483825683593750e-01 -1.422413587570190430e-01
1.727398633956909180e-01 -9.804860949516296387e-01 -1.810916960239410400e-01
2.694281935691833496e-01 -8.736385107040405273e-01 -2.422944009304046631e-01
2.591714859008789062e-01 -9.168413281440734863e-01 -1.968109309673309326e-01
2.229644954204559326e-01 -9.162560701370239258e-01 -2.530539631843566895e-01
2.025269567966461182e-01 -9.079169034957885742e-01 -1.094224750995635986e-01
1.155064776539802551e-01 -9.079998731613159180e-01 -2.369301766157150269e-01
-2.869330160319805145e-02 4.810552299022674561e-01 -6.168075650930404663e-02
1.039940342307090759e-01 8.073589950799942017e-02 -1.504699438810348511e-01
-8.401134610176086426e-02 -2.873309850692749023e-01 -7.948736846446990967e-02
6.015522778034210205e-02 -2.945802211761474609e-01 1.188365668058395386e-01
1.759597659111022949e-01 1.057492271065711975e-01 1.085749492049217224e-01
-7.412190735340118408e-02 4.060353338718414307e-01 3.026105165481567383e-01
-4.331549704074859619e-01 -7.982063889503479004e-01 -3.669418394565582275e-01
-1.908849775791168213e-01 -7.892482280731201172e-01 -2.668453454971313477e-01
6.195600330829620361e-02 -7.583479285240173340e-01 -1.607325971126556396e-01
3.024487197399139404e-01 -6.961899995803833008e-01 -1.099868491291999817e-02
5.659185051918029785e-01 -6.349144577980041504e-01 1.218499243259429932e-02
8.250598907470703125e-01 -5.956313014030456543e-01 -3.859493881464004517e-02
2.092076539993286133e-01 -7.540365457534790039e-01 -1.021177545189857483e-01
3.113214075565338135e-01 -9.283952713012695312e-01 -1.560030132532119751e-01
3.960679173469543457e-01 -7.962136864662170410e-01 -1.493745893239974976e-01
3.779771924018859863e-01 -8.494725823402404785e-01 -1.202584654092788696e-01
3.702734410762786865e-01 -8.413314223289489746e-01 -1.865332275629043579e-01
2.903664112091064453e-01 -8.712875247001647949e-01 -7.089281082153320312e-02
2.668839693069458008e-01 -8.523167371749877930e-01 -2.234049439430236816e-01
6.508071720600128174e-02 4.668222665786743164e-01 -2.168471813201904297e-01
1.912927925586700439e-01 7.458630204200744629e-02 -1.015806272625923157e-01
1.664728112518787384e-02 -2.656747996807098389e-01 -1.070971637964248657e-01
-2.392270602285861969e-02 -3.126470148563385010e-01 1.301709413528442383e-01
-1.258778870105743408e-01 5.181743763387203217e-03 3.415542840957641602e-01
-5.277814865112304688e-01 1.816236525774002075e-01 3.699665367603302002e-01
1.085973307490348816e-01 -6.742706298828125000e-01 -5.613686442375183105e-01
3.357037529349327087e-02 -7.674620151519775391e-01 -3.348998427391052246e-01
2.030454277992248535e-01 -7.287346124649047852e-01 -1.231341138482093811e-01
2.890527248382568359e-01 -6.980034112930297852e-01 1.320490241050720215e-01
5.015351772308349609e-01 -6.563000679016113281e-01 2.967944741249084473e-01
7.465432286262512207e-01 -5.892766118049621582e-01 2.328512221574783325e-01
2.756771445274353027e-01 -7.352669239044189453e-01 3.775784745812416077e-03
3.492848277091979980e-01 -9.150145053863525391e-01 1.004170067608356476e-02
4.593299329280853271e-01 -8.049513101577758789e-01 4.139102995395660400e-02
4.212439358234405518e-01 -8.483632206916809082e-01 6.428916007280349731e-02
4.376503825187683105e-01 -8.474976420402526855e-01 -7.036440074443817139e-04
3.184400200843811035e-01 -8.430997133255004883e-01 8.077614009380340576e-02
3.534836173057556152e-01 -8.398088216781616211e-01 -6.969203799962997437e-02
3.577710986137390137e-01 4.857756793498992920e-01 -6.464768201112747192e-02
2.652680873870849609e-01 7.611216604709625244e-02 2.019649371504783630e-03
8.262731134891510010e-02 -2.372053861618041992e-01 -6.992533802986145020e-02
-7.798216491937637329e-02 -2.905798852443695068e-01 1.003796234726905823e-01
-3.684464693069458008e-01 -4.893192276358604431e-02 1.391325294971466064e-01
-7.499480247497558594e-01 8.068091422319412231e-02 -5.238354951143264771e-02
4.298221468925476074e-01 -9.075447320938110352e-01 -1.262105107307434082e-01
2.386470139026641846e-01 -8.094189167022705078e-01 -2.550404369831085205e-01
1.874341070652008057e-01 -7.149248123168945312e-01 -8.111489936709403992e-03
1.048279479146003723e-01 -6.645652055740356445e-01 2.291974574327468872e-01
1.834890544414520264e-01 -5.958276987075805664e-01 4.758306443691253662e-01
4.031807184219360352e-01 -6.756643652915954590e-01 3.825363516807556152e-01
1.637402474880218506e-01 -7.171568870544433594e-01 1.229015141725540161e-01
1.582563221454620361e-01 -8.910643458366394043e-01 1.566428840160369873e-01
2.801668643951416016e-01 -8.254786133766174316e-01 2.313904762268066406e-01
2.246992588043212891e-01 -8.490747213363647461e-01 2.377406656742095947e-01
2.628679871559143066e-01 -8.629493117332458496e-01 1.848333775997161865e-01
1.348366439342498779e-01 -8.071669936180114746e-01 2.105843126773834229e-01
2.192458212375640869e-01 -8.358746767044067383e-01 9.295384585857391357e-02
3.419266343116760254e-01 4.214523136615753174e-01 -8.363106101751327515e-02
1.600709855556488037e-01 1.189139038324356079e-01 1.087364554405212402e-01
1.084228903055191040e-01 -2.686654627323150635e-01 4.794103652238845825e-02
-1.074909642338752747e-01 -2.685194909572601318e-01 -1.261817384511232376e-02
-2.975206077098846436e-01 2.225949056446552277e-02 8.744974434375762939e-02
-5.059447288513183594e-01 3.439455628395080566e-01 -5.715461820363998413e-02
1.113054528832435608e-01 -6.462302803993225098e-01 4.362235367298126221e-01
2.025976777076721191e-01 -5.846567153930664062e-01 2.289861738681793213e-01
6.008233875036239624e-02 -7.318277359008789062e-01 1.019805073738098145e-01
-1.760004758834838867e-01 -7.025036811828613281e-01 1.271738763898611069e-02
-3.692490756511688232e-01 -5.464736819267272949e-01 1.008478738367557526e-02
-5.033808350563049316e-01 -6.094390749931335449e-01 1.910376995801925659e-01
-7.201489061117172241e-02 -7.574075460433959961e-01 6.750652939081192017e-02
-1.565054953098297119e-01 -9.358132481575012207e-01 6.136038526892662048e-02
-2.032684981822967529e-01 -8.353911638259887695e-01 1.694503575563430786e-01
-2.163448929786682129e-01 -8.624011278152465820e-01 1.166549026966094971e-01
-1.725544035434722900e-01 -8.879462480545043945e-01 1.582421064376831055e-01
-1.756286174058914185e-01 -8.457645773887634277e-01 2.673204243183135986e-02
-7.481583207845687866e-02 -9.001494050025939941e-01 1.187116354703903198e-01
4.560065269470214844e-01 3.527782261371612549e-01 1.504739820957183838e-01
1.292402893304824829e-01 1.518337279558181763e-01 2.178319357335567474e-02
-6.858263909816741943e-02 -1.961735188961029053e-01 1.032001376152038574e-01
3.832050785422325134e-02 -2.466989308595657349e-01 -8.463432639837265015e-02
1.283749938011169434e-01 1.416863203048706055e-01 -1.012741923332214355e-01
2.985967695713043213e-01 4.928335845470428467e-01 1.712626032531261444e-02
-1.854559630155563354e-01 -9.549849629402160645e-01 4.118367135524749756e-01
-1.804562509059906006e-01 -7.660610675811767578e-01 2.663083672523498535e-01
-1.908894330263137817e-01 -6.313906311988830566e-01 6.432096660137176514e-02
-2.665607035160064697e-01 -5.645815134048461914e-01 -1.269618868827819824e-01
-4.776694476604461670e-01 -4.747524857521057129e-01 -2.128910124301910400e-01
-7.087573409080505371e-01 -4.695494174957275391e-01 -2.685342729091644287e-01
-2.486225664615631104e-01 -6.239234805107116699e-01 -2.691211737692356110e-02
-3.606560826301574707e-01 -7.819714546203613281e-01 -1.987182721495628357e-02
-4.036401212215423584e-01 -6.560018658638000488e-01 4.663029313087463379e-02
-4.166229665279388428e-01 -6.930333375930786133e-01 4.134649410843849182e-03
-3.845061957836151123e-01 -7.104921936988830566e-01 5.594659596681594849e-02
-3.612673878669738770e-01 -7.041931152343750000e-01 -7.502278685569763184e-02
-2.955520749092102051e-01 -7.441247701644897461e-01 3.174231946468353271e-02
-1.518732011318206787e-01 4.593223333358764648e-01 -2.962729521095752716e-02
-2.318369448184967041e-01 5.670466646552085876e-02 -1.099772453308105469e-01
-1.029124259948730469e-01 -1.905675530433654785e-01 8.618900924921035767e-02
8.009748905897140503e-02 -2.779039740562438965e-01 -4.819322749972343445e-02
3.923478126525878906e-01 -8.314957469701766968e-02 8.055333793163299561e-02
7.229660153388977051e-01 -6.454451382160186768e-02 3.590209782123565674e-01
-4.812729060649871826e-01 -3.789917826652526855e-01 4.242978394031524658e-01
-3.183006942272186279e-01 -5.044655799865722656e-01 2.872599065303802490e-01
-3.235588073730468750e-01 -5.522072315216064453e-01 2.758673578500747681e-02
-2.157835364341735840e-01 -5.707789659500122070e-01 -2.052064538002014160e-01
-2.645190954208374023e-01 -4.403972923755645752e-01 -4.241313338279724121e-01
-4.927563667297363281e-01 -4.353397190570831299e-01 -5.124104619026184082e-01
-2.913300693035125732e-01 -5.916677117347717285e-01 -1.014589965343475342e-01
-3.432626724243164062e-01 -7.669791579246520996e-01 -1.203315556049346924e-01
-3.887832164764404297e-01 -6.714394688606262207e-01 -2.323024123907089233e-01
-3.517216444015502930e-01 -7.155176401138305664e-01 -2.183500975370407104e-01
-4.089019894599914551e-01 -7.066156268119812012e-01 -1.879810094833374023e-01
-2.760964632034301758e-01 -7.065789103507995605e-01 -1.569446176290512085e-01
-3.956975638866424561e-01 -6.895522475242614746e-01 -8.721152693033218384e-02
-8.440553396940231323e-02 4.810900986194610596e-01 1.818455755710601807e-01
-1.472519636154174805e-01 1.583643406629562378e-01 -6.661365181207656860e-02
-1.231816485524177551e-01 -2.315658926963806152e-01 -7.103311363607645035e-04
1.053390949964523315e-01 -2.629230022430419922e-01 2.680309489369392395e-02
2.902321815490722656e-01 7.379485666751861572e-02 6.626667082309722900e-02
3.977670669555664062e-01 3.408171534538269043e-01 3.803429603576660156e-01
-5.947630405426025391e-01 -6.399746537208557129e-01 -2.948193848133087158e-01
-3.817031383514404297e-01 -6.202338933944702148e-01 -1.687456071376800537e-01
-1.251783967018127441e-01 -6.509391665458679199e-01 -1.069492697715759277e-01
1.475969552993774414e-01 -6.163735985755920410e-01 -8.239761739969253540e-02
3.700029551982879639e-01 -4.890159368515014648e-01 -9.402118623256683350e-03
5.850194692611694336e-01 -3.814838826656341553e-01 4.651705175638198853e-02
1.778461411595344543e-02 -6.818541288375854492e-01 -1.168244779109954834e-01
4.802474379539489746e-02 -8.780804872512817383e-01 -1.403620094060897827e-01
1.781399920582771301e-02 -7.975295782089233398e-01 -2.640482783317565918e-01
5.974669381976127625e-02 -8.285980820655822754e-01 -2.359161972999572754e-01
-3.377772867679595947e-03 -8.380853533744812012e-01 -2.248069345951080322e-01
1.064565405249595642e-01 -7.995600700378417969e-01 -1.533480137586593628e-01
-2.934318780899047852e-02 -8.213173151016235352e-01 -1.290442645549774170e-01
-2.069295793771743774e-01 4.248158037662506104e-01 4.792932793498039246e-02
2.097126096487045288e-02 1.085956022143363953e-01 -2.119634672999382019e-02
5.740704946219921112e-03 -2.711576819419860840e-01 -1.023504734039306641e-01
1.104068825952708721e-03 -3.302186131477355957e-01 1.204282194375991821e-01
-9.650011360645294189e-02 1.805768348276615143e-02 2.660225033760070801e-01
-3.713781237602233887e-01 3.068492114543914795e-01 3.422704041004180908e-01
2.262157648801803589e-01 -3.781157433986663818e-01 -2.719912827014923096e-01
1.267323642969131470e-02 -4.580870270729064941e-01 -3.131873309612274170e-01
1.880501508712768555e-01 -6.461920738220214844e-01 -2.609200775623321533e-01
2.432049810886383057e-01 -7.482311725616455078e-01 1.697666756808757782e-02
2.073336392641067505e-01 -6.906625628471374512e-01 2.738052010536193848e-01
4.193398952484130859e-01 -7.253568172454833984e-01 1.992494612932205200e-01
2.624802589416503906e-01 -7.405611872673034668e-01 -1.435946822166442871e-01
3.378787636756896973e-01 -9.342398643493652344e-01 -1.984621137380599976e-01
4.450476765632629395e-01 -8.185178041458129883e-01 -1.999428570270538330e-01
4.241609275341033936e-01 -8.705847859382629395e-01 -1.710964143276214600e-01
4.059796929359436035e-01 -8.563275337219238281e-01 -2.336022406816482544e-01
3.429881036281585693e-01 -8.805724382400512695e-01 -1.058539971709251404e-01
3.007654249668121338e-01 -8.488614559173583984e-01 -2.504719197750091553e-01
-5.848995409905910492e-03 4.732463359832763672e-01 -1.737267971038818359e-01
-7.129029929637908936e-02 1.452089548110961914e-01 4.746109619736671448e-02
9.763106703758239746e-02 -2.362682223320007324e-01 7.086861878633499146e-02
-9.516768902540206909e-02 -2.571657896041870117e-01 -4.420657455921173096e-02
-2.431204319000244141e-01 -3.969483077526092529e-02 2.343713492155075073e-01
-3.235793411731719971e-01 3.513146638870239258e-01 3.074240088462829590e-01
-5.417019128799438477e-02 -6.040818691253662109e-01 5.711455345153808594e-01
2.745772898197174072e-02 -6.155066490173339844e-01 3.383404612541198730e-01
8.774217218160629272e-02 -6.736804246902465820e-01 1.072902306914329529e-01
-1.013281941413879395e-01 -6.948968172073364258e-01 -1.755310036242008209e-02
-3.352413773536682129e-01 -6.895149350166320801e-01 7.207443565130233765e-02
-5.428078174591064453e-01 -7.226841449737548828e-01 1.998682022094726562e-01
7.104510441422462463e-04 -7.240987420082092285e-01 3.613445162773132324e-02
2.693476621061563492e-03 -9.188774824142456055e-01 8.196116425096988678e-03
-9.881715476512908936e-02 -8.588955998420715332e-01 1.036090031266212463e-01
-9.121842682361602783e-02 -8.840829133987426758e-01 4.935811460018157959e-02
-4.955648258328437805e-02 -8.926896452903747559e-01 9.889545291662216187e-02
-4.435116052627563477e-02 -8.444498777389526367e-01 -2.848497405648231506e-02
4.564161971211433411e-02 -8.612735867500305176e-01 7.664185017347335815e-02
9.790265932679176331e-03 5.311830043792724609e-01 1.343772709369659424e-01
-5.238443613052368164e-02 1.715449690818786621e-01 -5.536774173378944397e-02
-1.251730024814605713e-01 -2.104683667421340942e-01 2.615350997075438499e-03
8.774244040250778198e-02 -2.922789156436920166e-01 3.000731766223907471e-02
3.782074451446533203e-01 -9.973688423633575439e-02 -2.840221486985683441e-02
7.091284990310668945e-01 -2.355665899813175201e-02 2.096346467733383179e-01
-6.678139567375183105e-01 -7.572900056838989258e-01 -1.310782879590988159e-01
-4.322179257869720459e-01 -7.195723056793212891e-01 -6.596067547798156738e-02
-1.758199334144592285e-01 -6.818518638610839844e-01 -6.753079593181610107e-02
7.182822376489639282e-02 -6.722619533538818359e-01 -5.046288296580314636e-02
3.282505273818969727e-01 -6.679347753524780273e-01 -2.737713791429996490e-02
5.666004419326782227e-01 -6.891580820083618164e-01 -8.763568103313446045e-02
-4.448383301496505737e-02 -7.063410282135009766e-01 -8.320456743240356445e-02
-6.022843299433588982e-04 -8.895627856254577637e-01 -1.295908242464065552e-01
5.209396034479141235e-02 -7.777782082557678223e-01 -2.188727557659149170e-01
6.556398421525955200e-02 -8.176965713500976562e-01 -1.761380732059478760e-01
1.383061334490776062e-02 -8.256068825721740723e-01 -2.147089689970016479e-01
3.904053568840026855e-02 -8.152501583099365234e-01 -8.267351239919662476e-02
-7.679824531078338623e-02 -8.302693963050842285e-01 -1.639515906572341919e-01
-4.469907656311988831e-02 5.250792503356933594e-01 -1.800131350755691528e-01
6.664522737264633179e-02 1.642918288707733154e-01 -1.347356941550970078e-02
1.029433831572532654e-01 -2.379482537508010864e-01 -3.706231340765953064e-02
-9.149584174156188965e-02 -2.872914075851440430e-01 7.648624479770660400e-02
-2.846599221229553223e-01 3.697302192449569702e-02 1.747409850358963013e-01
-5.388357043266296387e-01 2.186455130577087402e-01 -9.709671884775161743e-02
5.843943953514099121e-01 -9.013178944587707520e-01 -1.071572899818420410e-01
3.744375407695770264e-01 -7.715950012207031250e-01 -1.327260732650756836e-01
1.290914416313171387e-01 -7.320255041122436523e-01 -7.572744786739349365e-02
-9.164667874574661255e-02 -7.121997475624084473e-01 3.419224917888641357e-02
-3.277034163475036621e-01 -6.560816168785095215e-01 1.193703263998031616e-01
-5.454143285751342773e-01 -6.842107176780700684e-01 2.347931265830993652e-01
1.865247264504432678e-02 -7.600174546241760254e-01 -8.354253135621547699e-03
-3.329611197113990784e-02 -9.317688345909118652e-01 -5.092648789286613464e-02
-6.440913304686546326e-03 -9.131919145584106445e-01 1.009714975953102112e-01
-4.867595061659812927e-02 -9.185741543769836426e-01 5.745410919189453125e-02
1.246690377593040466e-02 -9.398683309555053711e-01 4.797726869583129883e-02
-7.478699833154678345e-02 -8.504760265350341797e-01 -1.083350181579589844e-02
6.187554448843002319e-02 -8.943464159965515137e-01 -3.233781084418296814e-02
1.207039207220077515e-01 5.184536576271057129e-01 1.369336992502212524e-01
1.125060301274061203e-02 1.570391803979873657e-01 -2.312763594090938568e-02
-1.197539344429969788e-01 -2.331158220767974854e-01 -5.287282168865203857e-03
1.069490760564804077e-01 -2.553265988826751709e-01 1.733130030333995819e-02
8.411827683448791504e-02 1.468724906444549561e-01 -1.289647258818149567e-02
9.821711480617523193e-02 5.512074232101440430e-01 8.249696344137191772e-02
-5.996652692556381226e-02 -8.027030229568481445e-01 -3.140750229358673096e-01
-2.805228233337402344e-01 -7.489375472068786621e-01 -2.366692125797271729e-01
-1.504970341920852661e-01 -6.976472735404968262e-01 -3.322875499725341797e-02
6.310455501079559326e-02 -7.225418090820312500e-01 1.115288026630878448e-02
3.005778789520263672e-01 -8.010314106941223145e-01 4.980301484465599060e-02
3.570443987846374512e-01 -9.293538928031921387e-01 -1.349953711032867432e-01
-4.765649139881134033e-02 -7.378485202789306641e-01 -2.300125919282436371e-02
-6.084869801998138428e-02 -9.293580055236816406e-01 -1.246654521673917770e-02
-5.027412623167037964e-02 -8.740317225456237793e-01 -1.557148098945617676e-01
-2.222023531794548035e-02 -9.062554240226745605e-01 -1.126493215560913086e-01
-8.714387565851211548e-02 -8.983199000358581543e-01 -1.134265959262847900e-01
1.747979968786239624e-02 -8.703215718269348145e-01 -2.773581817746162415e-02
-1.242356970906257629e-01 -8.536216020584106445e-01 -2.898930199444293976e-02
-2.137739956378936768e-02 5.225496292114257812e-01 2.187553346157073975e-01
-3.361680358648300171e-02 1.767113357782363892e-01 -7.019440643489360809e-03
-1.170260384678840637e-01 -2.159282863140106201e-01 -2.661688998341560364e-02
8.691840618848800659e-02 -2.901884615421295166e-01 5.508680641651153564e-02
3.456700742244720459e-01 -5.058660730719566345e-02 -3.715728595852851868e-02
6.060089468955993652e-01 1.902681291103363037e-01 1.713626533746719360e-01
-6.022593975067138672e-01 -6.977813839912414551e-01 -3.344260156154632568e-01
-4.205634593963623047e-01 -6.863349080085754395e-01 -1.700691282749176025e-01
-1.643972098827362061e-01 -6.768597960472106934e-01 -1.193701475858688354e-01
5.095027387142181396e-02 -6.945555806159973145e-01 -6.567939184606075287e-03
2.182657271623611450e-01 -7.140468358993530273e-01 1.892337799072265625e-01
4.477438926696777344e-01 -7.751392722129821777e-01 2.405511736869812012e-01
-4.151722416281700134e-02 -7.173889875411987305e-01 -8.878015726804733276e-02
-3.518212214112281799e-02 -9.076383709907531738e-01 -1.162006407976150513e-01
8.226522058248519897e-02 -8.267521858215332031e-01 -1.731533557176589966e-01
6.366378068923950195e-02 -8.633859157562255859e-01 -1.287401020526885986e-01
3.298743441700935364e-02 -8.610699176788330078e-01 -1.863546967506408691e-01
3.356143832206726074e-03 -8.410366177558898926e-01 -5.578788742423057556e-02
-6.797539442777633667e-02 -8.344043493270874023e-01 -1.806328296661376953e-01
-6.486444175243377686e-02 5.537171363830566406e-01 -1.040417514741420746e-02
4.420774802565574646e-02 1.593968868255615234e-01 2.824715152382850647e-02
1.063146144151687622e-01 -2.369754314422607422e-01 -3.616257756948471069e-02
-9.432053565979003906e-02 -2.935061752796173096e-01 6.827650219202041626e-02
-2.351222187280654907e-01 1.413983199745416641e-02 2.616396844387054443e-01
-4.802001416683197021e-01 1.848676949739456177e-01 -2.075016312301158905e-02
5.295450687408447266e-01 -9.463200569152832031e-01 5.761275067925453186e-02
3.881033658981323242e-01 -8.028908967971801758e-01 -8.826597034931182861e-02
1.422306150197982788e-01 -7.244737744331359863e-01 -8.225893229246139526e-02
-9.172312170267105103e-02 -7.150868177413940430e-01 2.023818716406822205e-02
-3.441085815429687500e-01 -6.957515478134155273e-01 8.120093494653701782e-02
-5.639147758483886719e-01 -6.987179517745971680e-01 1.955441236495971680e-01
2.469188906252384186e-02 -7.590759396553039551e-01 -2.249776199460029602e-02
-2.895627357065677643e-02 -9.395384788513183594e-01 -6.660430878400802612e-02
1.520809717476367950e-02 -9.209483861923217773e-01 8.036991208791732788e-02
-3.182273358106613159e-02 -9.286862611770629883e-01 4.268663376569747925e-02
2.901219576597213745e-02 -9.454861879348754883e-01 2.505460381507873535e-02
-7.065318524837493896e-02 -8.610978722572326660e-01 -2.034119144082069397e-02
6.443471461534500122e-02 -8.961946964263916016e-01 -6.028955057263374329e-02
8.140812069177627563e-02 5.028762817382812500e-01 1.850597858428955078e-01
-4.131243564188480377e-03 1.373489201068878174e-01 1.735019497573375702e-02
-1.219933554530143738e-01 -2.631789147853851318e-01 1.473168563097715378e-02
1.091197133064270020e-01 -2.648555636405944824e-01 1.019401010125875473e-02
4.132895916700363159e-02 9.866110980510711670e-02 -1.471872627735137939e-01
-5.181843042373657227e-02 4.866705238819122314e-01 -5.010320991277694702e-02
-5.511377453804016113e-01 -5.236304402351379395e-01 -1.755420118570327759e-02
-3.652992248535156250e-01 -5.917972922325134277e-01 1.220678687095642090e-01
-1.493546366691589355e-01 -7.143214344978332520e-01 3.878108412027359009e-02
7.927472889423370361e-02 -7.413343787193298340e-01 -1.022639870643615723e-01
-3.227952495217323303e-02 -7.018688917160034180e-01 -3.263683915138244629e-01
-2.634508013725280762e-01 -7.720356583595275879e-01 -2.934624850749969482e-01
-2.817737683653831482e-02 -7.704485654830932617e-01 -3.160754218697547913e-02
-4.134394600987434387e-02 -9.760921597480773926e-01 -4.477030038833618164e-02
-1.165907829999923706e-02 -8.933710455894470215e-01 -1.725037992000579834e-01
1.112347468733787537e-02 -9.310598373413085938e-01 -1.290331929922103882e-01
-5.336988717317581177e-02 -9.273838996887207031e-01 -1.418786942958831787e-01
3.246805071830749512e-02 -9.076249003410339355e-01 -3.418662026524543762e-02
-1.116730868816375732e-01 -9.008507132530212402e-01 -5.773577466607093811e-02
1.595551371574401855e-01 5.334720611572265625e-01 1.153455078601837158e-01
-7.649230537936091423e-04 1.756308674812316895e-01 -2.461834438145160675e-02
-1.244670450687408447e-01 -2.036404311656951904e-01 3.584730438888072968e-03
9.461532533168792725e-02 -2.915765047073364258e-01 1.903953962028026581e-02
3.219946324825286865e-01 2.529474720358848572e-02 4.883541911840438843e-02
6.136515736579895020e-01 2.187434434890747070e-01 2.833304405212402344e-01
-5.906046032905578613e-01 -6.742108464241027832e-01 -3.271801471710205078e-01
-4.717714786529541016e-01 -6.788262128829956055e-01 -1.115982159972190857e-01
-2.080003619194030762e-01 -6.646820306777954102e-01 -1.014701500535011292e-01
3.750322014093399048e-02 -6.842552423477172852e-01 -7.551208883523941040e-02
2.860658168792724609e-01 -7.202061414718627930e-01 -1.960528083145618439e-03
5.317612886428833008e-01 -7.385460138320922852e-01 -1.707839220762252808e-02
-7.837454974651336670e-02 -7.028397917747497559e-01 -1.157427951693534851e-01
-4.152920842170715332e-02 -8.897809386253356934e-01 -1.692249178886413574e-01
3.645481169223785400e-02 -7.755857110023498535e-01 -2.355910241603851318e-01
3.777826577425003052e-02 -8.185955882072448730e-01 -1.943491846323013306e-01
-3.073450177907943726e-03 -8.205389380455017090e-01 -2.450918406248092651e-01
-1.032153517007827759e-02 -8.197438120841979980e-01 -1.094842404127120972e-01
-1.043612807989120483e-01 -8.238324522972106934e-01 -2.166816294193267822e-01
-1.256274729967117310e-01 4.699214100837707520e-01 -1.704988069832324982e-02
5.512635409832000732e-02 1.255753934383392334e-01 6.036558747291564941e-02
9.283040463924407959e-02 -2.631383538246154785e-01 -5.081329494714736938e-02
-9.051778167486190796e-02 -3.160260617733001709e-01 7.263941317796707153e-02
-1.102397367358207703e-01 -1.347540179267525673e-03 3.056585788726806641e-01
-3.073195219039916992e-01 1.741502583026885986e-01 1.579876430332660675e-02
5.831097364425659180e-01 -8.565623760223388672e-01 -2.357026375830173492e-02
4.037307202816009521e-01 -7.506325244903564453e-01 -1.486209183931350708e-01
1.457807421684265137e-01 -7.633720040321350098e-01 -1.207209900021553040e-01
-9.066320955753326416e-02 -7.499255537986755371e-01 4.623937606811523438e-02
-2.068278491497039795e-01 -6.660687923431396484e-01 2.655459046363830566e-01
-1.785221397876739502e-01 -7.454391717910766602e-01 4.910250306129455566e-01
2.608918026089668274e-02 -8.073157668113708496e-01 -3.694101423025131226e-02
-4.106994718313217163e-03 -1.021883010864257812e+00 -3.674427047371864319e-02
7.231443375349044800e-02 -9.542380571365356445e-01 7.966139167547225952e-02
1.975077018141746521e-02 -9.810461997985839844e-01 6.110430136322975159e-02
7.570322602987289429e-02 -9.891776442527770996e-01 2.721234411001205444e-02
-5.498454719781875610e-02 -9.411924481391906738e-01 3.055032342672348022e-03
7.236041873693466187e-02 -9.583992958068847656e-01 -7.505610585212707520e-02
1.295083612203598022e-01 5.296512246131896973e-01 1.344284266233444214e-01
5.869323387742042542e-03 1.412685513496398926e-01 1.093962192535400391e-01
-7.614226080477237701e-03 -2.679728269577026367e-01 1.286797076463699341e-01
5.568676628172397614e-03 -2.319325059652328491e-01 -1.001746729016304016e-01
-3.143388032913208008e-01 -5.162787809967994690e-02 -2.964447252452373505e-02
-5.495785474777221680e-01 2.615448534488677979e-01 7.686492800712585449e-02
1.083955466747283936e-01 -6.772281527519226074e-01 5.791703462600708008e-01
8.525248616933822632e-02 -6.432989835739135742e-01 3.412641286849975586e-01
2.924474701285362244e-02 -6.972275376319885254e-01 1.081677973270416260e-01
-3.801923617720603943e-02 -7.202112674713134766e-01 -1.112673953175544739e-01
-2.421591281890869141e-01 -7.299842238426208496e-01 -2.471229285001754761e-01
-4.528776705265045166e-01 -8.482198119163513184e-01 -2.496166527271270752e-01
-1.931268349289894104e-02 -7.367246150970458984e-01 3.644511103630065918e-03
-5.425456538796424866e-02 -9.225225448608398438e-01 2.636156231164932251e-02
-1.805225908756256104e-01 -8.336011767387390137e-01 3.597153350710868835e-03
-1.438672542572021484e-01 -8.746523261070251465e-01 -2.112587913870811462e-02
-1.490654945373535156e-01 -8.665629029273986816e-01 4.387548565864562988e-02
-4.902088269591331482e-02 -8.610570430755615234e-01 -5.178276821970939636e-02
-5.826114118099212646e-02 -8.437272310256958008e-01 9.069379419088363647e-02
1.728942990303039551e-01 5.054939389228820801e-01 2.181585133075714111e-01
2.000790461897850037e-02 1.714704334735870361e-01 1.313502993434667587e-02
-1.264559328556060791e-01 -2.187545299530029297e-01 1.504129543900489807e-02
9.628238528966903687e-02 -2.938511669635772705e-01 1.112475618720054626e-02
3.004320561885833740e-01 3.567408770322799683e-02 -6.017121672630310059e-02
5.999493598937988281e-01 2.754154503345489502e-01 1.161508634686470032e-01
-7.085889577865600586e-01 -6.692849397659301758e-01 -5.198454111814498901e-02
-4.656484425067901611e-01 -7.025074958801269531e-01 -1.579014584422111511e-03
-1.987643837928771973e-01 -7.018700838088989258e-01 -1.198240555822849274e-02
6.188005581498146057e-02 -7.078362703323364258e-01 -2.753981575369834900e-02
3.208844959735870361e-01 -7.438805103302001953e-01 -3.340623527765274048e-02
5.254786610603332520e-01 -7.945913672447204590e-01 -1.663777530193328857e-01
-6.382942944765090942e-02 -7.407674193382263184e-01 -4.047523811459541321e-02
-2.625818923115730286e-02 -9.380248188972473145e-01 -6.323561817407608032e-02
2.939946949481964111e-03 -8.449948430061340332e-01 -1.826322078704833984e-01
2.652045339345932007e-02 -8.775819540023803711e-01 -1.367064267396926880e-01
-3.285876661539077759e-02 -8.903017640113830566e-01 -1.606931686401367188e-01
2.311371266841888428e-02 -8.554450869560241699e-01 -4.005100578069686890e-02
-1.093553379178047180e-01 -8.832476735115051270e-01 -8.903103321790695190e-02
1.428012102842330933e-01 4.431346356868743896e-01 -3.140843659639358521e-02
1.172620356082916260e-01 6.658519804477691650e-02 -1.062827482819557190e-01
-5.493863672018051147e-02 -2.658028006553649902e-01 -9.179054945707321167e-02
4.248500615358352661e-02 -3.063293993473052979e-01 1.085751429200172424e-01
1.077015399932861328e-01 5.747136101126670837e-02 1.957577317953109741e-01
3.548353537917137146e-02 3.497369885444641113e-01 4.523120820522308350e-01
-9.914623945951461792e-02 -8.527289032936096191e-01 -3.115580379962921143e-01
-2.639145255088806152e-01 -7.065886259078979492e-01 -3.064292669296264648e-01
-7.853895425796508789e-02 -7.635027170181274414e-01 -1.415433734655380249e-01
6.771278381347656250e-02 -7.865989804267883301e-01 7.004265487194061279e-02
2.408041357994079590e-01 -7.820376157760620117e-01 2.505760192871093750e-01
2.459892779588699341e-01 -8.655581474304199219e-01 4.709709063172340393e-02
1.258330326527357101e-02 -8.134002089500427246e-01 -5.195706337690353394e-02
3.556938469409942627e-02 -1.026346445083618164e+00 -8.073888719081878662e-02
1.452032625675201416e-01 -9.303098917007446289e-01 -1.377751827239990234e-01
1.307504475116729736e-01 -9.733663797378540039e-01 -9.536614269018173218e-02
9.519334882497787476e-02 -9.664024114608764648e-01 -1.501958221197128296e-01
7.414506375789642334e-02 -9.611475467681884766e-01 -9.946681559085845947e-03
-8.514888584613800049e-03 -9.475660324096679688e-01 -1.335970312356948853e-01
-9.989051520824432373e-02 5.256413817405700684e-01 -9.795680642127990723e-03
2.367470785975456238e-02 1.469963192939758301e-01 1.014782786369323730e-01
1.165019050240516663e-01 -2.441795021295547485e-01 5.337532609701156616e-03
-1.035396084189414978e-01 -3.116682171821594238e-01 2.615616470575332642e-02
-2.945480942726135254e-01 2.465871628373861313e-03 1.766947507858276367e-01
-5.279463529586791992e-01 2.654399275779724121e-01 -5.624234303832054138e-02
3.358394503593444824e-01 -9.080708622932434082e-01 1.692857146263122559e-01
4.573426544666290283e-01 -7.116848826408386230e-01 9.228026866912841797e-02
2.249685674905776978e-01 -7.247182726860046387e-01 -2.744795382022857666e-02
-4.879917576909065247e-02 -7.474697828292846680e-01 -8.284918963909149170e-03
-3.100007772445678711e-01 -6.791559457778930664e-01 -3.799421247094869614e-03
-5.147987604141235352e-01 -6.995054483413696289e-01 1.305779814720153809e-01
9.283731877803802490e-02 -7.813822031021118164e-01 -6.923339329659938812e-03
8.407270163297653198e-02 -9.846227169036865234e-01 -2.044221572577953339e-02
8.050724118947982788e-02 -9.282608032226562500e-01 1.247139871120452881e-01
4.760989174246788025e-02 -9.525694847106933594e-01 7.857237011194229126e-02
1.134379878640174866e-01 -9.586492180824279785e-01 8.109439909458160400e-02
1.622325927019119263e-02 -9.079058766365051270e-01 -8.634646423161029816e-03
1.655413210391998291e-01 -9.189972281455993652e-01 -3.462126478552818298e-03
2.046079561114311218e-02 4.816656112670898438e-01 3.815216943621635437e-02
8.174570649862289429e-02 1.009223088622093201e-01 -4.892193153500556946e-02
-4.668121784925460815e-02 -2.810770273208618164e-01 -9.057644009590148926e-02
4.150868952274322510e-02 -2.946575284004211426e-01 1.121265888214111328e-01
6.319138407707214355e-02 1.024661660194396973e-01 5.736655369400978088e-02
-5.655075609683990479e-02 4.823114275932312012e-01 8.485717326402664185e-02
-5.181198120117187500e-01 -5.691299438476562500e-01 -2.256158739328384399e-01
-3.848503232002258301e-01 -6.653773784637451172e-01 -5.939578637480735779e-02
-1.564845740795135498e-01 -7.767723798751831055e-01 -8.284318447113037109e-02
5.952411331236362457e-03 -8.170031309127807617e-01 8.284620940685272217e-02
1.386801004409790039e-01 -8.181416988372802734e-01 2.961228191852569580e-01
3.245269954204559326e-01 -9.359530210494995117e-01 2.270302176475524902e-01
-5.173686146736145020e-02 -8.322756290435791016e-01 -3.479829058051109314e-02
-3.276561945676803589e-02 -1.032749295234680176e+00 -1.050078943371772766e-01
6.265679746866226196e-02 -9.238970875740051270e-01 -1.675234735012054443e-01
5.703419819474220276e-02 -9.742386341094970703e-01 -1.304811835289001465e-01
9.506475180387496948e-03 -9.588749408721923828e-01 -1.733857542276382446e-01
2.309529855847358704e-02 -9.785426855087280273e-01 -3.312536701560020447e-02
-8.710503578186035156e-02 -9.460557103157043457e-01 -1.314770877361297607e-01
3.628883063793182373e-01 3.702550828456878662e-01 3.625617623329162598e-01
1.179410368204116821e-01 1.169836893677711487e-01 1.740667670965194702e-01
-6.748127937316894531e-02 -2.225015908479690552e-01 1.142276227474212646e-01
2.859487012028694153e-02 -2.432832717895507812e-01 -9.697635471820831299e-02
1.760829240083694458e-01 1.117750778794288635e-01 -1.044453382492065430e-01
5.155273079872131348e-01 3.186984658241271973e-01 -4.514193162322044373e-02
-2.576703727245330811e-01 -6.018848419189453125e-01 2.992865741252899170e-01
-3.862005099654197693e-02 -6.449838876724243164e-01 2.770324051380157471e-01
-1.703678816556930542e-01 -6.587371230125427246e-01 6.816382706165313721e-02
-1.986339390277862549e-01 -6.351334452629089355e-01 -1.574499756097793579e-01
-3.175488114356994629e-01 -5.246329307556152344e-01 -3.500140905380249023e-01
-4.612086415290832520e-01 -6.926181316375732422e-01 -3.476750850677490234e-01
-2.035988867282867432e-01 -6.834405064582824707e-01 -4.369238018989562988e-02
-1.848771572113037109e-01 -8.700357675552368164e-01 -6.761063635349273682e-02
-3.259130716323852539e-01 -8.117102384567260742e-01 -1.069313287734985352e-01
-2.755700945854187012e-01 -8.343889713287353516e-01 -1.283343732357025146e-01
-2.991347610950469971e-01 -8.495316505432128906e-01 -6.949886679649353027e-02
-1.878709495067596436e-01 -7.894690036773681641e-01 -1.221297234296798706e-01
-2.310179471969604492e-01 -8.216140270233154297e-01 4.492495208978652954e-03
4.972002282738685608e-02 5.660277009010314941e-01 2.409726940095424652e-02
-6.390433013439178467e-02 1.758912056684494019e-01 -9.084356576204299927e-02
-1.205952018499374390e-01 -1.837010681629180908e-01 2.715006656944751740e-02
7.939504086971282959e-02 -3.056970536708831787e-01 2.312915772199630737e-02
3.353749811649322510e-01 -2.449211776256561279e-01 -1.900980919599533081e-01
7.168883681297302246e-01 -1.151622906327247620e-01 -5.272509902715682983e-02
-8.016639947891235352e-01 -6.008508801460266113e-01 3.040226548910140991e-02
-5.481283664703369141e-01 -6.036944985389709473e-01 3.566198050975799561e-02
-2.923178374767303467e-01 -6.087779402732849121e-01 -1.924518495798110962e-02
-5.764767155051231384e-02 -6.684199571609497070e-01 -6.530169397592544556e-02
2.049718201160430908e-01 -7.002756595611572266e-01 -5.128752440214157104e-02
4.453302919864654541e-01 -7.658917307853698730e-01 -7.636099308729171753e-02
-1.888413876295089722e-01 -6.675372123718261719e-01 -7.350900769233703613e-02
-2.366761416196823120e-01 -8.493208289146423340e-01 -1.400061845779418945e-01
-2.252821922302246094e-01 -7.353929877281188965e-01 -2.410164475440979004e-01
-2.004833668470382690e-01 -7.860936522483825684e-01 -2.210947871208190918e-01
-2.631353139877319336e-01 -7.726902961730957031e-01 -2.106799781322479248e-01
-1.520873010158538818e-01 -7.987989187240600586e-01 -1.361716091632843018e-01
-2.888466119766235352e-01 -7.693334817886352539e-01 -1.111184507608413696e-01
2.306794226169586182e-01 3.614650070667266846e-01 2.476573139429092407e-01
1.215958595275878906e-01 1.171536222100257874e-01 -7.236456125974655151e-02
-1.108794957399368286e-01 -2.179634273052215576e-01 -3.967820107936859131e-02
8.934967964887619019e-02 -3.090226054191589355e-01 5.788235366344451904e-02
2.254636585712432861e-01 7.925776392221450806e-02 1.213833689689636230e-01
2.007674723863601685e-01 2.511222660541534424e-01 5.083926320075988770e-01
-7.163987159729003906e-01 -6.068894863128662109e-01 -1.739170402288436890e-01
-4.705861210823059082e-01 -6.482024192810058594e-01 -1.797923445701599121e-01
-2.037629336118698120e-01 -6.706097126007080078e-01 -1.589583754539489746e-01
4.656909778714179993e-02 -7.226597666740417480e-01 -7.396695017814636230e-02
2.687593102455139160e-01 -7.631537914276123047e-01 6.417511403560638428e-02
4.610757231712341309e-01 -8.983435034751892090e-01 -4.662037827074527740e-03
-6.990497559309005737e-02 -7.372738718986511230e-01 -1.471630632877349854e-01
-3.275498002767562866e-02 -9.450920224189758301e-01 -1.748236566781997681e-01
1.871463656425476074e-02 -8.449208140373229980e-01 -2.807798981666564941e-01
3.287213295698165894e-02 -8.819643855094909668e-01 -2.321566194295883179e-01
-2.168517000973224640e-02 -8.911661505699157715e-01 -2.677685618400573730e-01
1.401256024837493896e-02 -8.659952878952026367e-01 -1.350625902414321899e-01
-1.107823848724365234e-01 -8.854666948318481445e-01 -2.103328108787536621e-01
6.029906868934631348e-02 4.651715159416198730e-01 7.926404476165771484e-02
9.670737385749816895e-02 9.080565720796585083e-02 -4.094223678112030029e-02
-5.651643872261047363e-02 -2.552698850631713867e-01 -9.285143017768859863e-02
5.003777891397476196e-02 -3.043247163295745850e-01 1.072875037789344788e-01
1.127413939684629440e-02 5.724672600626945496e-02 2.583311498165130615e-01
-2.010369300842285156e-01 2.205252349376678467e-01 5.603414177894592285e-01
-2.595749199390411377e-01 -5.937791466712951660e-01 -4.219390153884887695e-01
-2.156320959329605103e-01 -4.823777675628662109e-01 -2.304679602384567261e-01
-6.145422160625457764e-02 -6.843422055244445801e-01 -2.021220624446868896e-01
1.300013959407806396e-01 -7.828235030174255371e-01 -5.584403872489929199e-02
3.355921506881713867e-01 -8.905712366104125977e-01 3.790615126490592957e-02
4.639210104942321777e-01 -9.988862872123718262e-01 -1.283819675445556641e-01
4.667846858501434326e-02 -7.698013186454772949e-01 -1.521450579166412354e-01
1.449636463075876236e-02 -9.622051715850830078e-01 -1.807171702384948730e-01
1.319063305854797363e-01 -9.083316922187805176e-01 -2.686168551445007324e-01
1.154833212494850159e-01 -9.441417455673217773e-01 -2.200705558061599731e-01
7.179982960224151611e-02 -9.259054660797119141e-01 -2.663234770298004150e-01
8.881557732820510864e-02 -9.146962761878967285e-01 -1.243983060121536255e-01
-1.208026707172393799e-02 -8.725091218948364258e-01 -2.295283079147338867e-01
-1.456047892570495605e-01 4.426199197769165039e-01 -2.179120779037475586e-01
2.699803188443183899e-02 7.970908284187316895e-02 -1.631970256567001343e-01
-4.094196856021881104e-02 -2.578813731670379639e-01 -9.718750417232513428e-02
5.300504341721534729e-02 -2.997282445430755615e-01 1.149505004286766052e-01
-1.200774461030960083e-01 -3.593035042285919189e-02 3.431742787361145020e-01
-4.135559499263763428e-01 3.704128414392471313e-02 6.314074397087097168e-01
-2.185142189264297485e-01 -2.547769844532012939e-01 -9.145280718803405762e-02
-1.292868554592132568e-01 -4.655330777168273926e-01 -1.843720972537994385e-01
7.966279238462448120e-02 -5.932056903839111328e-01 -2.909198403358459473e-01
2.378168404102325439e-01 -6.898644566535949707e-01 -8.360179513692855835e-02
1.506293863058090210e-01 -6.111472249031066895e-01 1.520859301090240479e-01
2.864304482936859131e-01 -4.531598091125488281e-01 2.692337334156036377e-01
1.969838738441467285e-01 -6.813059449195861816e-01 -2.306858450174331665e-01
1.854511052370071411e-01 -8.668680191040039062e-01 -2.820986807346343994e-01
2.680782675743103027e-01 -7.835308313369750977e-01 -3.856316804885864258e-01
2.696901559829711914e-01 -8.296475410461425781e-01 -3.438458442687988281e-01
2.126818448305130005e-01 -8.095041513442993164e-01 -3.710232079029083252e-01
2.707096934318542480e-01 -8.189995884895324707e-01 -2.406760752201080322e-01
1.427932828664779663e-01 -7.764006853103637695e-01 -3.042374849319458008e-01
-9.986755996942520142e-02 5.261114239692687988e-01 -1.816551834344863892e-01
4.441010951995849609e-02 1.586696505546569824e-01 -6.098395958542823792e-02
6.903043389320373535e-02 -2.391665428876876831e-01 -7.577767968177795410e-02
-5.705017969012260437e-02 -2.894160151481628418e-01 1.089425981044769287e-01
-1.956803649663925171e-01 6.496281921863555908e-02 2.153916209936141968e-01
-4.474575221538543701e-01 3.982182145118713379e-01 1.991675645112991333e-01
6.631628870964050293e-01 -7.601550817489624023e-01 -3.113542497158050537e-01
4.361106753349304199e-01 -6.754737496376037598e-01 -2.637912929058074951e-01
2.640574872493743896e-01 -6.668323278427124023e-01 -7.192493975162506104e-02
1.395326107740402222e-01 -7.143686413764953613e-01 1.209375932812690735e-01
-1.371945813298225403e-02 -8.048178553581237793e-01 3.064654469490051270e-01
2.815977856516838074e-02 -9.390429854393005371e-01 5.049350261688232422e-01
2.288046926259994507e-01 -7.097881436347961426e-01 3.763927146792411804e-02
2.792563736438751221e-01 -8.857357501983642578e-01 6.026811897754669189e-02
3.757351338863372803e-01 -7.882425189018249512e-01 1.331313550472259521e-01
3.315837383270263672e-01 -8.296660184860229492e-01 1.399499773979187012e-01
3.673063516616821289e-01 -8.262826204299926758e-01 8.480136096477508545e-02
2.320769131183624268e-01 -8.191272020339965820e-01 1.206859201192855835e-01
3.126541972160339355e-01 -8.102179765701293945e-01 -1.697845757007598877e-03
-8.418643474578857422e-02 5.142771601676940918e-01 -8.157916367053985596e-02
2.550565637648105621e-02 1.440436691045761108e-01 2.567565999925136566e-02
9.941631555557250977e-02 -2.596918046474456787e-01 -2.866714075207710266e-02
-9.632739424705505371e-02 -2.483172863721847534e-01 6.775192171335220337e-02
2.153670042753219604e-02 1.242636367678642273e-01 1.622179746627807617e-01
4.100353270769119263e-02 5.282757282257080078e-01 1.483249366283416748e-01
3.080335855484008789e-01 -8.707767128944396973e-01 1.405230909585952759e-01
2.808951139450073242e-01 -7.110767960548400879e-01 -3.177094832062721252e-02
4.288170114159584045e-02 -7.209985852241516113e-01 -7.278455048799514771e-02
-1.236514672636985779e-01 -6.993721723556518555e-01 8.508112281560897827e-02
-1.437100172042846680e-01 -5.787731409072875977e-01 3.043643832206726074e-01
-3.771359473466873169e-02 -6.862444877624511719e-01 4.777583181858062744e-01
-3.569714352488517761e-02 -7.491711378097534180e-01 5.872920155525207520e-03
-2.397556044161319733e-02 -9.463991522789001465e-01 3.551457449793815613e-02
7.393268495798110962e-02 -8.524615764617919922e-01 1.089387983083724976e-01
2.668451145291328430e-02 -8.894168734550476074e-01 1.158236563205718994e-01
6.686691939830780029e-02 -8.929497599601745605e-01 6.446878612041473389e-02
-6.799842417240142822e-02 -8.723495006561279297e-01 8.445403724908828735e-02
1.900311559438705444e-02 -8.813928961753845215e-01 -2.455110847949981689e-02
-1.411545127630233765e-01 4.281723201274871826e-01 1.842831075191497803e-01
-1.710924059152603149e-01 1.144553720951080322e-01 -8.033570647239685059e-02
-1.054512560367584229e-01 -2.791796624660491943e-01 6.494592130184173584e-02
1.015346050262451172e-01 -2.498488724231719971e-01 -3.466671705245971680e-02
-5.643674358725547791e-02 1.266614198684692383e-01 -1.257123798131942749e-01
-1.005911827087402344e-01 4.774325788021087646e-01 9.487709403038024902e-02
-3.859324753284454346e-01 -3.329891860485076904e-01 1.436010450124740601e-01
-2.110390812158584595e-01 -5.062220096588134766e-01 1.710396409034729004e-01
-9.170031547546386719e-02 -7.139541506767272949e-01 6.576740741729736328e-02
1.446979641914367676e-01 -7.074337005615234375e-01 -7.893575727939605713e-02
3.499670922756195068e-01 -5.406622886657714844e-01 -1.020065248012542725e-01
5.528043508529663086e-01 -3.991206884384155273e-01 -1.023202091455459595e-01
1.580749452114105225e-02 -7.665719389915466309e-01 -3.209331631660461426e-02
3.265413269400596619e-02 -9.672088623046875000e-01 -5.855350196361541748e-02
-7.660011202096939087e-02 -8.998776674270629883e-01 -1.442477405071258545e-01
-2.215976268053054810e-02 -9.276673197746276855e-01 -1.449282765388488770e-01
-6.414096057415008545e-02 -9.350589513778686523e-01 -9.495004266500473022e-02
6.694588065147399902e-02 -8.876426815986633301e-01 -1.148203387856483459e-01
-2.612631395459175110e-02 -9.056330323219299316e-01 -4.948761314153671265e-03
-2.650663256645202637e-01 5.406152606010437012e-01 7.937748730182647705e-02
-1.149441450834274292e-01 1.690990924835205078e-01 -9.139182418584823608e-02
-8.151328563690185547e-02 -2.517526447772979736e-01 -6.658767908811569214e-02
9.015119075775146484e-02 -2.398599833250045776e-01 9.462169557809829712e-02
-1.658260263502597809e-02 1.715641468763351440e-01 1.362134814262390137e-01
-1.951308846473693848e-01 5.246581435203552246e-01 3.329538702964782715e-01
-2.944778650999069214e-02 -1.490790247917175293e-01 -2.084937691688537598e-01
-1.123013049364089966e-01 -3.759576380252838135e-01 -1.411210298538208008e-01
-2.747296914458274841e-02 -6.277846097946166992e-01 -1.666973680257797241e-01
1.667013019323348999e-01 -6.601909399032592773e-01 3.371809422969818115e-02
1.527922451496124268e-01 -4.510728716850280762e-01 2.007489502429962158e-01
2.634727954864501953e-01 -2.325323820114135742e-01 2.099049538373947144e-01
8.699889481067657471e-02 -7.018403410911560059e-01 -9.718076884746551514e-02
1.206155717372894287e-01 -8.932180404663085938e-01 -1.280315220355987549e-01
5.128906667232513428e-02 -8.099652528762817383e-01 -2.346710860729217529e-01
9.982065856456756592e-02 -8.449977636337280273e-01 -2.232570648193359375e-01
4.514580965042114258e-02 -8.476127386093139648e-01 -1.867317259311676025e-01
1.813687384128570557e-01 -8.178998231887817383e-01 -1.671999990940093994e-01
6.011189520359039307e-02 -8.277103900909423828e-01 -9.268581867218017578e-02